mfcc_mean_1,mfcc_mean_2,mfcc_mean_4,mfcc_mean_5,mfcc_mean_7,mfcc_mean_8,mfcc_mean_11,mfcc_std_11,mfcc_std_12,mfcc_std_13,delta_std_4,delta_std_11,delta_std_13,delta2_std_2,delta2_std_11,spectral_centroid_mean,spectral_bandwidth_mean,spectral_rolloff_mean,rms_mean,rms_std,Label
-605.1358032226562,140.149169921875,23.67756843566895,-12.22397327423096,32.19902038574219,9.819525718688965,1.703132271766663,8.90873908996582,5.807465076446533,11.57953929901123,2.255933523178101,1.215458869934082,1.35965883731842,1.677312970161438,0.6759770512580872,1748.793542209105,3247.27946156307,3285.509707322761,0.005113176070153713,0.005681335460394621,Ripe
-580.1521606445312,141.2895965576172,19.7479076385498,-19.63591957092285,27.90511322021484,8.58796501159668,0.2797482013702393,9.318204879760742,5.969220638275146,12.91050052642822,2.415327787399292,1.329882740974426,1.54421603679657,1.899613261222839,0.7092282772064209,1879.611241775857,3161.239424030653,3470.30958488806,0.005648045800626278,0.006680515129119158,Ripe
-592.334716796875,138.9831848144531,23.22931289672852,-16.12033081054688,32.6779670715332,9.055169105529785,0.4665526747703552,9.444968223571777,6.034765720367432,13.35738754272461,2.216059684753418,1.31909167766571,1.535458326339722,1.839894533157349,0.717287540435791,1882.520049150955,3217.154756809683,3641.361065764926,0.005194208584725857,0.00590978330001235,Ripe
-593.5919189453125,130.2125396728516,22.42461395263672,-13.90310955047607,30.96271896362305,9.304797172546387,-0.1776311248540878,10.2338285446167,6.08353328704834,11.47611618041992,2.31639838218689,1.387197494506836,1.524144291877747,1.759287357330322,0.7229040265083313,1992.364377948876,3406.646471646709,4085.844945195895,0.004931796342134476,0.006142254453152418,Ripe
-585.9736938476562,141.8339080810547,23.78764343261719,-9.880121231079102,35.56221008300781,12.62198734283447,1.820973873138428,9.194602012634277,5.627205371856689,12.09846019744873,2.342682361602783,1.328794240951538,1.571656703948975,1.825421452522278,0.736726701259613,1434.593255571928,2704.024843865562,2385.114709654851,0.006507968995720148,0.005458822008222342,Ripe
-599.4765625,132.4044342041016,22.70139694213867,-13.86546802520752,32.59890365600586,8.917266845703125,0.06394144892692566,9.866825103759766,6.243500232696533,13.56782531738281,2.441133975982666,1.421733975410461,1.571462392807007,1.910758495330811,0.7187033891677856,1999.371318697308,3352.425889256315,4019.519326853198,0.004878032021224499,0.006113758310675621,Ripe
-590.61279296875,137.9331207275391,19.93850517272949,-16.20078277587891,30.84869194030762,9.192638397216797,0.1032822877168655,9.099149703979492,6.272294998168945,12.87150764465332,2.584564924240112,1.376145958900452,1.560819745063782,2.004966497421265,0.7307243943214417,1909.8514093028,3279.274458335278,3749.669863572761,0.004680915735661983,0.005687810014933348,Ripe
-588.4204711914062,138.6725311279297,12.18564224243164,-23.17227745056152,26.27166557312012,5.989509582519531,-0.1587231457233429,11.14146614074707,7.687192916870117,11.99212265014648,3.272720336914062,1.537057518959045,1.425397038459778,1.817247867584229,0.8067243099212646,2115.623635380183,3347.442250211692,4246.540490904851,0.004468467086553574,0.00586813036352396,Ripe
-580.8202514648438,127.8626403808594,20.28401565551758,-14.82940101623535,30.00059509277344,9.036798477172852,0.4633922576904297,9.11671257019043,6.159885406494141,12.55487632751465,2.448897361755371,1.383266091346741,1.542100548744202,1.931954622268677,0.6931155920028687,1891.359017061155,3262.717532342116,3736.921350279851,0.005197555292397738,0.006583231035619974,Ripe
-580.8202514648438,127.8626403808594,20.28401565551758,-14.82940101623535,30.00059509277344,9.036798477172852,0.4633922576904297,9.11671257019043,6.159885406494141,12.55487632751465,2.448897361755371,1.383266091346741,1.542100548744202,1.931954622268677,0.6931155920028687,1891.359017061155,3262.717532342116,3736.921350279851,0.005197555292397738,0.006583231035619974,Ripe
-544.0585327148438,106.8585357666016,21.5313892364502,-5.779347896575928,27.64216423034668,11.63288879394531,1.61859142780304,9.71039867401123,7.031270027160645,11.19538116455078,2.175414323806763,1.477427959442139,1.366251349449158,2.015992403030396,0.7811051607131958,1582.577703588382,2939.502188726552,2904.375583022388,0.006748646963387728,0.009924436919391155,Ripe
-557.7975463867188,117.1151504516602,19.2267017364502,-13.28326320648193,29.15873527526855,10.33725547790527,0.8137232065200806,8.729653358459473,6.10711145401001,11.43573951721191,2.510190486907959,1.378795027732849,1.476032257080078,1.884133815765381,0.7582606077194214,1811.339883690713,3152.11557836022,3502.091592817164,0.006170829758048058,0.007886482402682304,Ripe
-554.1509399414062,111.6841201782227,20.19520950317383,-11.57238864898682,23.14014625549316,7.219698905944824,1.279410004615784,10.30670738220215,7.710361957550049,12.59476757049561,2.354127645492554,1.486457943916321,1.488172173500061,1.994483590126038,0.7647778391838074,1811.483209474442,3206.528013594733,3428.135931669776,0.006001523230224848,0.009104638360440731,Ripe
-574.7857055664062,131.3588104248047,20.39523696899414,-14.52206134796143,28.08273124694824,8.054604530334473,-1.216306447982788,8.585301399230957,6.243644714355469,13.16969966888428,2.349315166473389,1.302486300468445,1.574681639671326,1.877697229385376,0.6530737280845642,1884.464556532579,3221.174813426739,3721.173186800373,0.005376319866627455,0.006835999898612499,Ripe
-542.0640258789062,111.7918243408203,14.88780403137207,-11.13231182098389,25.93152236938477,9.508949279785156,-0.9600498080253601,8.136853218078613,6.638049602508545,12.32898807525635,2.837373971939087,1.37606942653656,1.487800717353821,2.092635154724121,0.6996630430221558,1960.454597414151,3152.485377269745,3816.840601679105,0.006164952646940947,0.009297986514866352,Ripe
-570.6382446289062,132.4232940673828,18.0529842376709,-15.4323902130127,28.08974647521973,7.681363582611084,-1.18172550201416,9.12929916381836,6.506213188171387,13.32856369018555,2.886781930923462,1.322491884231567,1.565874695777893,2.029665470123291,0.6914913058280945,1869.405613740728,3186.712066486547,3625.220090951493,0.005487303715199232,0.007054821122437716,Ripe
-550.5414428710938,117.4589385986328,17.22734069824219,-13.74450206756592,21.79971122741699,7.081708908081055,-0.4799041450023651,8.012208938598633,5.864234447479248,11.61142158508301,2.454281568527222,1.215580463409424,1.429249286651611,2.118200302124023,0.645526111125946,2040.953262388914,3257.700577481894,4046.278130830224,0.006194502115249634,0.00879255123436451,Ripe
-582.5547485351562,137.4818420410156,17.79694557189941,-17.02449035644531,32.40655517578125,7.386329174041748,-0.9979800581932068,7.966197490692139,6.685861110687256,12.55423164367676,2.692245006561279,1.243386268615723,1.603539824485779,1.913920521736145,0.6391688585281372,1950.436596729409,3231.900603325325,3930.613048041045,0.004980211611837149,0.006356582976877689,Ripe
-572.2210693359375,138.04443359375,22.31770133972168,-15.3697624206543,26.33575248718262,5.222590446472168,-0.2532379925251007,9.31069278717041,5.915691375732422,10.27965450286865,2.292324304580688,1.183023452758789,1.292993545532227,1.983745694160461,0.6637688875198364,2100.843856009759,3323.311474295622,4325.317018423508,0.006330300588160753,0.00783048290759325,Ripe
-565.88720703125,141.9553680419922,25.00029182434082,-13.36299419403076,34.6116828918457,11.28495025634766,3.24339485168457,9.222606658935547,5.95621395111084,12.68659591674805,2.077047824859619,1.360483884811401,1.442112445831299,1.954910755157471,0.7042186260223389,1615.554525445062,2852.794736946694,2956.726620802239,0.006697387434542179,0.007117724977433681,Ripe
-565.62451171875,134.9198760986328,25.04960823059082,-16.4046688079834,27.78099060058594,5.682219982147217,1.895492792129517,10.63701057434082,6.536084175109863,10.64737224578857,2.136916160583496,1.38801383972168,1.256721973419189,2.067270994186401,0.6949053406715393,2185.533817464814,3287.857950656702,4523.365350979478,0.006608048919588327,0.008017659187316895,Ripe
-561.8567504882812,142.5820617675781,23.96141624450684,-15.99919033050537,30.92618370056152,7.185218811035156,3.066386938095093,10.86757183074951,6.390450000762939,11.52243709564209,2.230705976486206,1.365978002548218,1.386384248733521,1.896667718887329,0.7019333243370056,1836.768240829911,3024.910961140973,3626.148554104478,0.006908165290951729,0.007872494868934155,Ripe
-585.4591674804688,143.0576019287109,22.03508949279785,-15.96480178833008,30.02611541748047,7.450306415557861,0.7971416115760803,8.734543800354004,5.431613922119141,12.58920955657959,2.181142091751099,1.207816004753113,1.43048095703125,1.708981394767761,0.6511660218238831,1597.687969812082,2998.221182962995,2700.327950093284,0.006031258963048458,0.006349137052893639,Ripe
-575.5958251953125,139.9954071044922,21.18820953369141,-17.81071853637695,32.71095657348633,7.719282627105713,1.989306449890137,8.811188697814941,5.453411102294922,11.07816791534424,2.495433568954468,1.400193214416504,1.353826642036438,2.142811059951782,0.7229030728340149,2189.300610409738,3273.361658251465,4509.795504897388,0.006085761822760105,0.007306290790438652,Ripe
-559.302001953125,128.8109283447266,21.3532829284668,-15.27154445648193,29.80481338500977,7.17411470413208,2.864301204681396,11.61797332763672,6.330854415893555,9.911554336547852,2.601586818695068,1.490668177604675,1.326919555664062,2.021632671356201,0.7170093655586243,2277.858910205701,3286.801265658023,4581.608558768657,0.006469204090535641,0.00791397038847208,Ripe
-559.3215942382812,131.6972503662109,22.51592063903809,-16.76340866088867,28.89213180541992,8.7855224609375,3.325357913970947,10.04202461242676,5.500919342041016,11.47932052612305,2.80134105682373,1.467855215072632,1.376116156578064,2.350585699081421,0.7168084979057312,2192.521291555808,3208.447823143065,4416.627798507463,0.006653184536844492,0.008022145368158817,Ripe
-569.2291870117188,137.5577392578125,23.8528938293457,-18.65099334716797,32.77540588378906,9.496707916259766,6.260386943817139,11.78372764587402,6.198807239532471,10.37387943267822,2.488410949707031,1.560887932777405,1.296099066734314,2.092149019241333,0.7460833787918091,2229.104115784621,3221.492585318731,4495.618586753732,0.006146429572254419,0.007257469929754734,Ripe
-560.75830078125,137.6256256103516,23.88457870483398,-18.13798141479492,30.48960876464844,7.826898097991943,2.142683744430542,12.99618530273438,6.085178852081299,10.51797008514404,2.454642534255981,1.52646279335022,1.215044975280762,2.038578987121582,0.7066293954849243,2319.54150209613,3217.531010043181,4567.931582322762,0.006990518886595964,0.00820850022137165,Ripe
-560.75830078125,137.6256256103516,23.88457870483398,-18.13798141479492,30.48960876464844,7.826898097991943,2.142683744430542,12.99618530273438,6.085178852081299,10.51797008514404,2.454642534255981,1.52646279335022,1.215044975280762,2.038578987121582,0.7066293954849243,2319.54150209613,3217.531010043181,4567.931582322762,0.006990518886595964,0.00820850022137165,Ripe
-572.2687377929688,124.992561340332,27.53898811340332,-14.46965408325195,31.83832740783691,8.897200584411621,4.364567756652832,11.14066410064697,5.390467643737793,9.523429870605469,2.251801013946533,1.45490026473999,1.165439367294312,2.274510383605957,0.6943597197532654,2446.086169269659,3368.8401720174,4894.000699626866,0.005950120743364096,0.007171024568378925,Ripe
-583.5764770507812,132.5226440429688,29.50116539001465,-15.95222663879395,33.51095962524414,9.596176147460938,4.835920333862305,11.56524467468262,5.8475022315979,9.573822975158691,2.644604921340942,1.546895265579224,1.163987755775452,2.443506717681885,0.7582837343215942,2465.087398198296,3370.508873840847,4894.464931203358,0.005757744424045086,0.006860827095806599,Ripe
-566.7730102539062,126.3352508544922,28.00602531433105,-12.89595508575439,33.18655395507812,10.37721729278564,5.802890777587891,11.83708953857422,5.983459949493408,9.597911834716797,2.207987785339355,1.505422353744507,1.222372770309448,2.186564445495605,0.6934589743614197,2288.32743393455,3286.580202154742,4620.068359375,0.006128096953034401,0.007453596219420433,Ripe
-574.339599609375,125.5164642333984,28.56077003479004,-12.73605728149414,30.03298950195312,9.984625816345215,4.283743858337402,13.93929576873779,5.407063484191895,9.35109806060791,2.334992170333862,1.478948831558228,1.144199252128601,2.290279865264893,0.7122097015380859,2554.403772829456,3445.330151322565,4986.025682136194,0.006659470498561859,0.008637569844722748,Ripe
-587.2542724609375,143.1533203125,23.4027214050293,-12.68026256561279,29.80192184448242,9.069008827209473,2.010418891906738,8.959771156311035,5.671072959899902,12.69277477264404,2.442718505859375,1.294095635414124,1.380769729614258,2.022603511810303,0.6770480275154114,1566.355872633612,2939.270777668368,2742.573023554105,0.006243438459932804,0.006129794288426638,Ripe
-563.311279296875,118.9440536499023,27.35515213012695,-14.51624965667725,31.61641693115234,7.928335189819336,4.466063976287842,10.16686153411865,5.365890026092529,10.13089847564697,2.500770330429077,1.421241164207458,1.205746173858643,2.103378057479858,0.7037788033485413,2476.884500376177,3398.617928826452,4977.455253031716,0.006574292667210102,0.008361391723155975,Ripe
-560.076171875,125.8837051391602,26.11977958679199,-13.51863288879395,29.20944786071777,9.995010375976562,4.961033821105957,11.6789722442627,5.876896858215332,10.69324684143066,2.598071098327637,1.580410838127136,1.270540833473206,2.186641931533813,0.7866806983947754,2268.39933013007,3260.452430105972,4472.942659748134,0.006917877588421106,0.008400735445320606,Ripe
-554.8467407226562,121.929931640625,26.58484840393066,-14.22351264953613,29.94306373596191,7.557056903839111,4.316876411437988,11.97756862640381,6.818681716918945,9.910018920898438,2.576109886169434,1.567207455635071,1.238458752632141,2.289360761642456,0.7965666055679321,2307.25021387595,3252.475079190468,4641.244461287313,0.006969306617975235,0.008558197878301144,Ripe
-560.9342651367188,125.3102569580078,24.93180656433105,-11.87327671051025,29.59921073913574,10.67394065856934,6.312210083007812,11.81405925750732,6.485132217407227,11.36859512329102,2.887617826461792,1.56176233291626,1.38779079914093,2.166329383850098,0.7322133183479309,2211.177927142738,3201.391082191596,4396.130188899254,0.006726203951984644,0.008054334670305252,Ripe
-555.3211059570312,128.9054412841797,25.43081474304199,-12.54565238952637,28.52171516418457,9.940927505493164,4.995769023895264,11.85628890991211,6.256036281585693,10.21277141571045,2.680766105651855,1.51574718952179,1.289662837982178,2.214874505996704,0.8142238259315491,2218.269986564953,3210.565776735449,4416.342117537313,0.007497993763536215,0.009098959155380726,Ripe
-582.6279296875,131.0994415283203,23.45464134216309,-16.87391471862793,35.22745513916016,11.20404148101807,7.679452896118164,12.42277050018311,5.681958675384521,11.15456771850586,2.577980995178223,1.703861474990845,1.297723412513733,2.102268934249878,0.792415201663971,2398.329446270566,3348.328826861662,4750.231751399254,0.005053166765719652,0.006264071445912123,Ripe
-546.7481689453125,151.2498779296875,21.54248237609863,-16.93996810913086,35.73183059692383,10.90209102630615,2.951667785644531,9.214570045471191,7.252099514007568,10.33676815032959,2.708891868591309,1.487245798110962,1.421948671340942,2.163146495819092,0.7905212640762329,1720.149519252495,2690.328888542407,3504.019939365672,0.00686748931184411,0.006892290432006121,Ripe
-560.30029296875,155.4922637939453,11.55181980133057,-25.7778205871582,36.23672485351562,13.25484848022461,1.814030289649963,9.619175910949707,6.966134071350098,12.39745426177979,3.061590433120728,1.420035839080811,1.407418251037598,1.97671377658844,0.6926053166389465,1936.913138235806,2811.658025835006,3848.551189365672,0.005408979952335358,0.006039591040462255,Ripe
-577.0934448242188,145.8485260009766,26.15490913391113,-14.48327541351318,41.11394882202148,14.88069725036621,6.339793682098389,11.77410125732422,5.617919445037842,10.72973918914795,2.127108812332153,1.631999731063843,1.263496875762939,2.117168188095093,0.761020302772522,1907.716816342328,2965.346017860955,4103.935206213663,0.005538024008274078,0.005818667821586132,Ripe
-577.0934448242188,145.8485260009766,26.15490913391113,-14.48327541351318,41.11394882202148,14.88069725036621,6.339793682098389,11.77410125732422,5.617919445037842,10.72973918914795,2.127108812332153,1.631999731063843,1.263496875762939,2.117168188095093,0.761020302772522,1907.716816342328,2965.346017860955,4103.935206213663,0.005538024008274078,0.005818667821586132,Ripe
-585.6341552734375,147.6750030517578,24.09769248962402,-12.68844509124756,34.81813430786133,9.97803783416748,-0.4005774259567261,8.326979637145996,5.219781875610352,12.37471389770508,2.204998731613159,1.22856867313385,1.471031665802002,1.727822184562683,0.6431477069854736,1631.99118433251,2982.214085402087,2963.08302238806,0.005672635044902563,0.006189005449414253,Ripe
-544.432861328125,162.8220977783203,24.55293273925781,-10.80863380432129,46.4349479675293,21.21453857421875,2.746336221694946,7.93513011932373,6.024008274078369,10.67746734619141,2.494993448257446,1.321156620979309,1.294987916946411,1.905271291732788,0.6875648498535156,1373.65540656907,2260.332520309073,2614.480818563433,0.008553720079362392,0.005883424077183008,Ripe
-572.102294921875,145.6126251220703,32.69586944580078,-11.77628803253174,39.35154724121094,14.17693138122559,7.118178844451904,11.43917655944824,6.492273807525635,10.41014289855957,2.165022373199463,1.621331214904785,1.330796718597412,2.086655139923096,0.8187229037284851,1800.188007861281,2908.236413172302,3946.539762126866,0.006376221776008606,0.006654703989624977,Ripe
-565.0256958007812,133.6623687744141,31.08113288879395,-9.742119789123535,34.30253601074219,12.00188827514648,4.483859539031982,12.22146415710449,5.875968456268311,9.245423316955566,2.039373636245728,1.470498204231262,1.154160261154175,2.176860570907593,0.738400399684906,1951.158787362187,3051.689617469812,4246.977198401163,0.006623225286602974,0.007261920720338821,Ripe
-566.998779296875,136.5443878173828,25.57462692260742,-13.78100872039795,34.32345581054688,13.33972549438477,6.982964515686035,10.4135046005249,6.159966945648193,14.03402328491211,2.63657283782959,1.652324318885803,1.560492038726807,2.021097421646118,0.8155166506767273,1863.743993664866,2975.937200281545,3933.077046408582,0.006492162588983774,0.006827147211879492,Ripe
-555.5615844726562,130.7256469726562,21.90773582458496,-14.437668800354,30.50574684143066,10.83342361450195,3.152853012084961,9.313138961791992,5.933434963226318,11.98795509338379,3.267232418060303,1.594655156135559,1.368155598640442,2.234961271286011,0.8568682074546814,2127.580289213897,3115.331914358263,4238.612843983209,0.006521284114569426,0.00786894652992487,Ripe
-564.461181640625,127.6160354614258,25.8044548034668,-11.09329319000244,31.28470993041992,11.1941385269165,5.094042301177979,10.08389759063721,6.150802135467529,12.20887851715088,2.663059234619141,1.656594276428223,1.430375218391418,2.115094184875488,0.8235169649124146,2229.626404621266,3184.485204438256,4419.770289179104,0.006584954913705587,0.007660397328436375,Ripe
-558.5181274414062,132.193603515625,26.12999725341797,-13.60827827453613,31.49477577209473,12.01342487335205,3.867754697799683,9.918115615844727,5.673569202423096,12.28305912017822,2.480579853057861,1.41641902923584,1.454332113265991,1.967721581459045,0.737524151802063,2033.22815266086,3125.858328687033,4225.507229477612,0.007302832324057817,0.008678275160491467,Ripe
-555.1369018554688,131.694091796875,23.98383331298828,-12.97683143615723,31.63347053527832,11.5865306854248,3.22092342376709,10.64004993438721,5.753609180450439,12.69516086578369,2.610532522201538,1.472565770149231,1.43251895904541,1.923866510391235,0.7471950650215149,2004.940940823343,3092.145374892693,4141.945545708955,0.007280041929334402,0.008516218513250351,Ripe
-547.2890625,136.8296203613281,21.41307830810547,-17.55409240722656,30.19574737548828,11.38690567016602,2.528312683105469,12.35871982574463,6.666777610778809,12.56397914886475,2.755082845687866,1.604319453239441,1.593911409378052,1.882301568984985,0.780611515045166,1986.007492529079,3038.099039974961,4033.672458022388,0.00819238182157278,0.009619871154427528,Ripe
-554.622802734375,127.3342666625977,27.31315994262695,-11.26105690002441,29.07861137390137,11.29488945007324,1.429252028465271,10.54619026184082,5.738420486450195,11.73072624206543,2.392886400222778,1.462138533592224,1.409472942352295,2.104952096939087,0.7534404397010803,2077.122318218833,3173.476073224557,4230.078125,0.007723819464445114,0.009089027531445026,Ripe
-563.5451049804688,148.6757659912109,19.70219039916992,-15.43619632720947,34.91360092163086,9.65972900390625,-1.413238406181335,8.552970886230469,5.612894058227539,13.45132637023926,2.705446004867554,1.266509175300598,1.489833950996399,1.910595893859863,0.6608037352561951,1699.143096483999,2879.61300659206,3271.082818330224,0.005944498814642429,0.006089713890105486,Ripe
-561.009033203125,123.1400146484375,26.75517272949219,-11.47138214111328,29.52503204345703,10.67133140563965,2.013222932815552,10.71157455444336,5.941879272460938,11.36964130401611,2.525074243545532,1.356196165084839,1.298340678215027,2.054526329040527,0.6858870983123779,2403.318951138559,3348.028693771153,4727.805795242537,0.007376851048320532,0.009036928415298462,Ripe
-565.46826171875,130.2478790283203,19.17316818237305,-16.25534439086914,29.86218070983887,10.73579978942871,-0.3047225773334503,8.466767311096191,5.870886325836182,11.96033763885498,2.395145893096924,1.264685392379761,1.533068537712097,1.882662892341614,0.6766635179519653,1695.994827646357,3050.323514969775,3033.967613106343,0.005847177468240261,0.007046596147119999,Ripe
-587.1343383789062,143.4642028808594,21.41610527038574,-18.32437515258789,30.66331100463867,8.294181823730469,0.341112494468689,9.869294166564941,5.686902523040771,11.97989463806152,2.429347991943359,1.222219467163086,1.385009527206421,1.814005732536316,0.6044175624847412,1797.476080642838,3179.369332158197,3382.605527052239,0.005639790091663599,0.006409056484699249,Ripe
-583.5081176757812,129.7759399414062,20.45079612731934,-13.63709163665771,29.92027854919434,9.683999061584473,0.2055879682302475,9.605215072631836,6.662344932556152,12.16116714477539,2.439056873321533,1.355064272880554,1.436060428619385,2.167250394821167,0.6778889298439026,1961.943035892588,3278.658861497373,3814.233762826493,0.00537209864705801,0.006749402731657028,Ripe
-583.5130004882812,99.49527740478516,31.65511322021484,-5.273761749267578,35.81727981567383,12.79389667510986,1.327524781227112,11.23079967498779,6.843307495117188,8.59809398651123,1.994204878807068,1.622915267944336,1.335511207580566,2.037759304046631,0.7954511642456055,2291.096682920035,3499.582120738854,4881.216476212687,0.003989352378994226,0.006216711830347776,Unripe
-532.2847290039062,125.3634948730469,17.19039154052734,-17.32976913452148,26.81108856201172,6.828882694244385,-0.3772037327289581,10.04345417022705,8.25101375579834,13.13300514221191,2.914011001586914,1.313133120536804,1.649962425231934,2.415193557739258,0.6863710880279541,2065.158107327196,3061.05633198051,4082.488193796642,0.007956968620419502,0.009758293628692627,Unripe
-555.3106689453125,130.0421600341797,21.29425048828125,-15.49319934844971,29.30948448181152,6.876284122467041,-0.3313276171684265,7.896048069000244,5.896384716033936,12.4307165145874,2.713662385940552,1.314103126525879,1.470324158668518,2.219635963439941,0.6989507079124451,2069.48488871463,3167.007629562343,4245.076375932836,0.006875740364193916,0.008200081996619701,Unripe
-545.1196899414062,119.6517944335938,19.47534370422363,-16.18894958496094,25.44390678405762,5.410995006561279,-0.6491845846176147,8.175440788269043,5.815338611602783,10.49203872680664,2.657587289810181,1.26471483707428,1.243533253669739,2.235673427581787,0.6252294778823853,2353.892756682872,3322.867601238503,4834.400507229478,0.007176469545811415,0.009313852526247501,Unripe
-550.7743530273438,130.7407073974609,15.90319919586182,-21.98037719726562,27.49373817443848,7.14188814163208,1.345874786376953,10.77812385559082,8.511163711547852,13.82336235046387,2.684293031692505,1.506803870201111,1.522776484489441,2.010470867156982,0.7079470157623291,2143.767661064937,3192.468242444854,4280.536526352612,0.006651517003774643,0.008213702589273453,Unripe
-535.2625122070312,122.1598129272461,14.47293472290039,-19.88694381713867,26.6957836151123,7.925056457519531,0.8192952275276184,9.478179931640625,7.757960796356201,13.09353351593018,2.656089782714844,1.392082691192627,1.500289440155029,2.098790884017944,0.7162249684333801,2060.966411076659,3099.178021948756,4067.811333955224,0.007342666853219271,0.00942742358893156,Unripe
-539.2227783203125,124.0284805297852,18.62048149108887,-17.43797874450684,27.86799049377441,8.812374114990234,2.03471827507019,9.888457298278809,7.560389995574951,12.7497730255127,2.453154802322388,1.327415704727173,1.548665761947632,2.088227987289429,0.6665107607841492,2031.844693519991,3083.666486771679,4056.384095149254,0.007556299213320017,0.009502180851995945,Unripe
-529.0816040039062,113.0265579223633,15.77340030670166,-17.35566711425781,23.60321807861328,6.389783382415771,-1.148976445198059,8.855138778686523,7.419015407562256,11.57205295562744,2.622349739074707,1.212182760238647,1.302171349525452,2.050843238830566,0.6112099885940552,2212.349735043354,3272.798942342632,4444.160302005597,0.007802193984389305,0.01059354934841394,Unripe
-532.77685546875,116.2347259521484,18.26441383361816,-17.2216739654541,22.50443267822266,5.51737642288208,-1.408549547195435,10.66936111450195,6.999786853790283,11.53204154968262,2.45591402053833,1.298850893974304,1.441839098930359,2.288057088851929,0.6407209634780884,2232.6078312531,3267.972053345033,4525.972189832089,0.008463592268526554,0.01068301871418953,Unripe
-559.4550170898438,121.2354354858398,22.51358795166016,-14.89388656616211,25.61147880554199,5.198339462280273,-1.468562364578247,9.687938690185547,5.595575332641602,11.46668720245361,2.567437410354614,1.275969505310059,1.387689590454102,2.125631093978882,0.618614912033081,2439.184174397596,3510.991980064194,5147.078329057836,0.007779676467180252,0.009839852340519428,Unripe
-556.0963134765625,128.4924926757812,23.24336242675781,-16.06633567810059,27.47160720825195,6.054229259490967,-1.384018063545227,9.579374313354492,5.567008495330811,10.31198883056641,2.481575489044189,1.355156540870667,1.400518298149109,2.301170587539673,0.7315775156021118,2207.254701424072,3329.475089894956,4619.925518889925,0.008036034181714058,0.01009226497262716,Unripe
-561.1300048828125,105.0376281738281,23.32172393798828,-11.62060070037842,30.80860710144043,11.49356746673584,1.56596839427948,10.46637535095215,6.073834896087646,9.335906028747559,2.176984786987305,1.454837083816528,1.21029257774353,2.144775390625,0.6827366948127747,2149.458499140795,3311.718737017306,4598.070924673508,0.004875027108937502,0.007503844797611237,Unripe
-552.4658813476562,126.5580291748047,21.69997406005859,-16.8570499420166,26.40000343322754,5.609946727752686,-3.181283950805664,9.676292419433594,5.64473819732666,10.71097850799561,2.489404201507568,1.271322846412659,1.402901887893677,2.037014961242676,0.6699215769767761,2285.253085317537,3361.555667688068,4725.806028451492,0.007693538907915354,0.009627127088606358,Unripe
-543.04736328125,132.7239532470703,16.94230270385742,-19.94818115234375,28.9813232421875,8.306631088256836,-1.12070631980896,8.853907585144043,6.512680053710938,13.19137573242188,2.678426265716553,1.29893970489502,1.445771813392639,2.03317928314209,0.6514105796813965,1955.948998818544,3048.169016050349,3797.914237406716,0.007745253387838602,0.00954554695636034,Unripe
-528.7622680664062,121.7268371582031,15.17709159851074,-19.32535552978516,24.03752326965332,5.497287273406982,-0.748245894908905,10.42109870910645,8.710567474365234,12.89253997802734,2.722208738327026,1.276319026947021,1.555179357528687,2.240689992904663,0.6110818982124329,2133.128884959289,3168.641929142401,4256.110803404851,0.008716393262147903,0.01097511779516935,Unripe
-551.9652709960938,116.8488006591797,21.578125,-15.15361213684082,24.19977188110352,4.768612861633301,0.02590241469442844,9.562845230102539,6.230743885040283,11.95403289794922,2.427474021911621,1.304262518882751,1.33771026134491,2.202397584915161,0.6374551057815552,2331.925594100295,3436.118659172163,4821.759124300374,0.007510653231292963,0.009841082617640495,Unripe
-540.2582397460938,118.6138076782227,17.89433670043945,-17.15188789367676,25.17835998535156,6.799642562866211,-0.8689173460006714,9.603370666503906,7.81699800491333,13.18500423431396,2.354437589645386,1.329019546508789,1.527841806411743,2.078159332275391,0.6629140377044678,2154.688614063746,3288.619838729424,4411.449830923508,0.00824050698429346,0.01052336115390062,Unripe
-541.8773803710938,112.6963348388672,22.37124633789062,-10.62243270874023,24.63744735717773,6.434099674224854,-1.096401333808899,8.310208320617676,5.994943618774414,10.81709098815918,2.344393491744995,1.274667859077454,1.310807704925537,1.959103584289551,0.6523361802101135,2084.756336052699,3325.999958543052,4388.416802705224,0.008302867412567139,0.0108176376670599,Unripe
-551.5394897460938,134.6908111572266,23.26907539367676,-17.21258735656738,27.44926452636719,6.536996364593506,-1.799304008483887,8.850440979003906,5.622696876525879,11.19611930847168,2.407331466674805,1.321429967880249,1.396662354469299,2.111901044845581,0.7231650352478027,2086.793485051163,3226.624784396839,4361.741342117537,0.008091520518064499,0.009463179856538773,Unripe
-526.2152099609375,113.3144073486328,12.50197219848633,-18.85699844360352,23.24839401245117,5.144975662231445,-0.8352299332618713,10.17276573181152,10.30543518066406,14.42578983306885,2.618934631347656,1.336248159408569,1.656888127326965,1.997422218322754,0.7201321125030518,2167.105623023191,3203.306447357353,4306.354944029851,0.008248227648437023,0.01131629664450884,Unripe
-510.4894409179688,118.4833374023438,6.478925704956055,-22.98479080200195,24.51527214050293,7.464072704315186,-0.4040651321411133,9.643353462219238,9.593798637390137,13.31696701049805,3.159758806228638,1.307012796401978,1.571528434753418,2.194231748580933,0.6756216287612915,1966.449096883206,2912.133334340977,3773.738485307836,0.00857080239802599,0.01122523844242096,Unripe
-570.7180786132812,116.1141662597656,11.1623363494873,-19.09588813781738,30.66053581237793,9.996501922607422,4.733644485473633,10.64400577545166,8.947972297668457,16.65148162841797,2.676554918289185,1.632344126701355,1.68092405796051,2.119987964630127,0.7812992334365845,2151.785195076979,3312.345696148747,4360.634328358209,0.004824050236493349,0.006781390868127346,Unripe
-558.8405151367188,105.0821914672852,19.00026512145996,-13.63850021362305,32.44403457641602,12.04389476776123,1.31989312171936,11.15859699249268,7.723188877105713,9.717889785766602,2.480372428894043,1.664481520652771,1.351453065872192,2.167907953262329,0.804058313369751,2123.836348556625,3235.701655490463,4402.915111940299,0.004253532271832228,0.007476744242012501,Unripe
-572.441650390625,123.9382934570312,13.64777660369873,-21.48369979858398,30.65182304382324,11.94449424743652,3.078980922698975,8.964323997497559,6.330093860626221,13.08460140228271,2.932055711746216,1.491825580596924,1.447914958000183,2.469193935394287,0.7567847371101379,2094.993423508582,3228.084486944851,4128.518540111941,0.006444863043725491,0.008680074475705624,Unripe
-562.179931640625,116.2781677246094,12.00028705596924,-13.25358009338379,25.2645206451416,10.55295181274414,3.235066413879395,8.352340698242188,6.841367721557617,14.65123271942139,2.765455961227417,1.506493330001831,1.540580749511719,2.024811983108521,0.7752437591552734,2086.153289575594,3255.366032492455,4102.093050373134,0.0064694844186306,0.008925074711441994,Unripe
-533.1625366210938,135.7807464599609,-7.110502243041992,-33.70038604736328,30.16037559509277,9.684309959411621,3.514437913894653,7.45432186126709,7.053586006164551,17.75296401977539,3.607078075408936,1.410575151443481,1.886137127876282,1.968606114387512,0.7331416010856628,1896.072048512614,2778.082628508585,3363.929133628732,0.007124260999262333,0.008700346574187279,Unripe
-553.014404296875,138.3804931640625,-2.438433647155762,-29.70075988769531,32.4669189453125,9.356429100036621,2.00045919418335,7.61327600479126,7.908697128295898,17.25672340393066,2.917741060256958,1.364294409751892,1.552506685256958,2.091861248016357,0.6972520351409912,1880.234540302298,2864.447424905291,3221.231489039179,0.006100811064243317,0.007182815577834845,Unripe
-573.1581420898438,126.448616027832,14.40920257568359,-21.26702117919922,31.44084548950195,11.23520755767822,1.797037124633789,7.309959888458252,5.789580345153809,14.81375217437744,2.841498613357544,1.384137153625488,1.562581062316895,2.143238067626953,0.7347632050514221,2078.26211467612,3283.814162555578,4161.371851679104,0.005739969667047262,0.007252452429383993,Unripe
-555.83740234375,123.3741989135742,16.62068176269531,-17.0068244934082,30.70193672180176,11.54251861572266,4.631823539733887,7.750040054321289,5.943794727325439,13.51255416870117,2.754164218902588,1.473265647888184,1.496041774749756,2.259201049804688,0.7544427514076233,1840.895770623118,3028.170063285334,3587.938724347015,0.008070509880781174,0.009037970565259457,Unripe
-552.7763671875,124.9702758789062,15.4876708984375,-19.54985046386719,27.94606018066406,9.1034517288208,6.047166347503662,8.62568187713623,7.267906188964844,14.55755424499512,2.766973972320557,1.458298325538635,1.494355440139771,2.078496217727661,0.7701027989387512,1973.122032664529,3165.885830327331,3938.754955690299,0.007370939943939447,0.008948235772550106,Unripe
-568.94921875,133.5870056152344,14.38217449188232,-22.58378028869629,29.43730926513672,7.534066200256348,1.423583149909973,6.973880767822266,5.374751091003418,14.83789157867432,2.985880851745605,1.360238432884216,1.490247130393982,2.201049089431763,0.7407879829406738,2161.044564089771,3301.06027209744,4277.215485074626,0.007262908387929201,0.008823493495583534,Unripe
-573.810302734375,125.1551361083984,21.2364444732666,-16.81627082824707,29.63177680969238,9.051175117492676,3.943620204925537,6.787065029144287,4.910188674926758,13.78316020965576,2.816204786300659,1.321590781211853,1.461610078811646,2.107353210449219,0.7029877305030823,2244.726763262697,3447.625618624898,4685.846402751866,0.007348082028329372,0.008724032901227474,Unripe
-550.1165161132812,131.11279296875,12.92675971984863,-21.31852149963379,25.62868309020996,6.735504627227783,4.03416633605957,7.530687808990479,7.425198554992676,16.14946365356445,2.974363088607788,1.274472117424011,1.547607898712158,1.997011542320251,0.7121433615684509,2020.763806921042,3135.547647493572,3955.645843050373,0.007814308628439903,0.009146898053586483,Unripe
-570.3384399414062,102.7660064697266,22.7449836730957,-10.91864109039307,32.48215866088867,10.62376689910889,0.892121434211731,11.51541805267334,8.281089782714844,11.50119876861572,2.392220497131348,1.657624125480652,1.455974459648132,2.278081178665161,0.8254968523979187,2396.43623702091,3459.380551801461,5054.196303638059,0.003888514125719666,0.006555747240781784,Unripe
-581.9005737304688,135.3774871826172,18.79678153991699,-19.30934524536133,30.55459022521973,8.58842945098877,2.140677452087402,7.633332252502441,5.475710868835449,14.71522235870361,2.885845899581909,1.334318995475769,1.683538913726807,2.180009365081787,0.713255763053894,2128.64096272063,3378.11344191557,4353.670854710821,0.006475173868238926,0.007769369054585695,Unripe
-563.8272094726562,125.8868026733398,18.98409080505371,-16.3869686126709,26.08706092834473,6.986178398132324,2.461030244827271,7.503962993621826,5.29279088973999,12.92050457000732,2.920039176940918,1.293580532073975,1.438310861587524,2.114446640014648,0.6550602912902832,2145.799845382569,3371.527817700338,4403.093662546642,0.007413100451231003,0.009066777303814888,Unripe
-552.6676635742188,121.8093643188477,18.63167953491211,-15.44003295898438,22.88044357299805,7.027257919311523,0.3630013465881348,7.263925075531006,5.221688270568848,12.15768623352051,2.734606742858887,1.065985918045044,1.492143511772156,2.198073387145996,0.6119157671928406,2066.86234958869,3287.06179909461,4133.375116604478,0.008665668778121471,0.01087073422968388,Unripe
-550.3990478515625,116.5562057495117,19.64877128601074,-14.11843490600586,23.11492919921875,6.587443828582764,2.023500204086304,7.618709564208984,5.629365921020508,13.10685443878174,2.515316486358643,1.139326691627502,1.563811421394348,2.117236614227295,0.6524150371551514,2126.545575304335,3364.21143463579,4330.744956856343,0.008430836722254753,0.01074181217700243,Unripe
-544.09375,117.2941665649414,17.70700836181641,-15.79836654663086,21.28910064697266,5.868589878082275,-0.08628232777118683,7.347617149353027,5.394958019256592,12.35661029815674,2.843300342559814,1.050216197967529,1.462169408798218,2.134995698928833,0.6574738621711731,2078.251940708849,3315.079689929161,4207.937849813433,0.008793157525360584,0.01107133086770773,Unripe
-570.3899536132812,116.6429977416992,15.285813331604,-18.87406730651855,28.25760841369629,8.77804183959961,-1.169310331344604,8.566305160522461,6.173610687255859,12.4534387588501,2.678930997848511,1.199140191078186,1.441165685653687,2.263320446014404,0.5944534540176392,2193.057023487869,3434.148211592501,4538.327891791045,0.005337795242667198,0.007484014611691236,Unripe
-581.634765625,128.8052673339844,24.06808280944824,-15.44477462768555,33.60850524902344,8.674307823181152,2.322662830352783,8.837480545043945,7.440640449523926,15.36019325256348,2.859801292419434,1.452301502227783,1.600691556930542,2.279339075088501,0.7032034397125244,1940.493438756031,3207.948592644608,4019.031308302239,0.006376413628458977,0.007089696358889341,Unripe
-574.6400146484375,135.3419342041016,17.97542381286621,-23.54168891906738,30.9072208404541,6.012026309967041,-0.2977502942085266,7.462063789367676,6.216244220733643,14.73034381866455,2.880330562591553,1.34130859375,1.536771178245544,2.219006061553955,0.6948423981666565,2235.66665610903,3435.90371877269,4716.30713619403,0.006556460168212652,0.007897748611867428,Unripe
-554.3164672851562,132.2876281738281,17.66273307800293,-23.37549018859863,26.81043434143066,4.644270420074463,-1.106645584106445,7.230899333953857,6.323050498962402,14.39242839813232,2.809226751327515,1.158629775047302,1.612912535667419,2.071922302246094,0.6847662925720215,2158.64556358389,3350.68361924738,4513.509357509329,0.007824909873306751,0.009464574046432972,Unripe
-558.84423828125,129.0521087646484,21.1049861907959,-20.86258125305176,26.37027359008789,3.552059888839722,-1.403669238090515,5.959771156311035,6.615033626556396,13.79619121551514,2.746967554092407,0.9935441613197327,1.548747420310974,2.212663412094116,0.6151933670043945,2241.715475909284,3439.74005917176,4808.260698460821,0.00753632839769125,0.00881965272128582,Unripe
-580.8064575195312,110.3803634643555,26.27469825744629,-9.011869430541992,33.72588729858398,9.488645553588867,-2.156915426254272,9.689048767089844,7.193052768707275,10.24908638000488,2.052435159683228,1.584634304046631,1.464524984359741,2.281790256500244,0.8152043223381042,2164.582978814937,3434.905956431317,4611.747901119403,0.003998328000307083,0.006451747380197048,Unripe
-559.9694213867188,136.0651245117188,20.51821708679199,-20.85467529296875,29.14396858215332,2.984390497207642,-1.692261219024658,6.652838230133057,6.881452083587646,14.44064521789551,3.194331884384155,1.149407267570496,1.645164966583252,2.164216279983521,0.7007051706314087,2227.707016149606,3311.962792198308,4744.268161147388,0.007536480203270912,0.008678991347551346,Unripe
-531.9541625976562,118.3554077148438,13.63421821594238,-21.5625,26.89064407348633,4.245872020721436,-0.0989198163151741,7.69266939163208,6.640675067901611,13.76280784606934,3.13753867149353,1.193744897842407,1.539990186691284,2.059714555740356,0.660029411315918,2061.70337221854,3180.167219067818,4227.185605177238,0.007828610017895699,0.00961113628000021,Unripe
-519.7566528320312,146.5380401611328,14.13242530822754,-19.68455505371094,31.83782958984375,4.251499652862549,-0.5039499998092651,6.707367897033691,6.193549156188965,14.51486110687256,2.734972238540649,1.151882290840149,1.692401647567749,2.194591760635376,0.6666781902313232,1832.381011780387,2719.595357731857,3860.621210354478,0.009093976579606533,0.00916537456214428,Unripe
-593.567626953125,126.9345092773438,27.94840812683105,-13.02355670928955,34.68497848510742,9.25484848022461,0.8161400556564331,11.0596981048584,7.426331996917725,13.1145191192627,2.756095886230469,1.474455714225769,1.498557925224304,2.311446905136108,0.7580482959747314,2141.434810946628,3353.596971972931,4356.991895988806,0.004869946744292974,0.005890178959816694,Unripe
-577.6652221679688,135.0454559326172,24.11758041381836,-21.37587547302246,34.26121520996094,7.048033714294434,1.511357188224792,12.00793743133545,6.819145202636719,14.67515277862549,2.741400718688965,1.457615494728088,1.775053262710571,2.129272937774658,0.7062139511108398,2134.931469639022,3244.951172134409,4541.720353311567,0.005903567653149366,0.006434328388422728,Unripe
-582.5540771484375,126.199951171875,24.3279857635498,-20.22764778137207,32.93176651000977,5.653415679931641,-0.5297300815582275,11.71667003631592,7.367722988128662,13.42381954193115,3.267826557159424,1.47727644443512,1.626862525939941,2.227050065994263,0.7205570936203003,2413.445327096585,3489.878876361079,5111.761019123134,0.004822315648198128,0.006245362106710672,Unripe
-551.1146240234375,119.3985824584961,17.03709983825684,-24.59262657165527,27.02401161193848,4.745357036590576,1.504451155662537,9.193008422851562,6.1239914894104,14.50580215454102,2.945694208145142,1.271130204200745,1.558167457580566,2.019617080688477,0.6459866166114807,2308.268148951436,3423.146933470468,4985.59716068097,0.006616653874516487,0.008246662095189095,Unripe
-553.21484375,124.165153503418,21.8684253692627,-22.12269401550293,27.21940040588379,5.109911918640137,2.14259147644043,9.30348014831543,6.558366775512695,15.00704288482666,2.566097974777222,1.248925685882568,1.552396893501282,2.09442400932312,0.6986015439033508,2244.508265384728,3337.999909041399,4861.575909514925,0.008018601685762405,0.009614476934075356,Unripe
-541.4815063476562,117.8507232666016,21.4855899810791,-20.81154441833496,24.09697532653809,3.834024906158447,1.552735328674316,8.799018859863281,6.046237468719482,15.31201839447021,2.669679880142212,1.211286544799805,1.65855085849762,2.0209059715271,0.6267638802528381,2221.55197149901,3389.492237959868,4730.305503731343,0.008949439972639084,0.01103751081973314,Unripe
-539.42431640625,109.0001678466797,21.06121253967285,-19.04473495483398,25.61635780334473,3.89884877204895,2.447094202041626,10.04567337036133,6.126237869262695,14.18334865570068,2.580543279647827,1.272359371185303,1.575801730155945,2.173810005187988,0.6355852484703064,2312.102311773426,3418.435644599661,4985.490030317164,0.008484854362905025,0.01027859002351761,Unripe
-563.4274291992188,118.6757888793945,15.45792198181152,-20.66850662231445,29.51317596435547,7.196807384490967,-0.5006450414657593,9.831327438354492,8.257004737854004,13.57507801055908,2.474115133285522,1.435522437095642,1.668208837509155,2.041480541229248,0.7285506129264832,2170.19516410134,3316.651837459462,4436.911147388059,0.004320094361901283,0.0067876479588449,Unripe
-537.7614135742188,132.3045501708984,24.19072341918945,-18.92189025878906,31.74880790710449,7.712819576263428,2.70026707649231,8.458242416381836,7.548797130584717,14.04719257354736,2.30294942855835,1.185860753059387,1.59083616733551,2.202455759048462,0.6733330488204956,1793.655400874074,2974.127855906705,3687.248571595149,0.01021792087703943,0.01173551008105278,Unripe
-561.0819091796875,122.3115158081055,14.77070999145508,-20.7164363861084,27.23575210571289,6.282167911529541,-1.14019501209259,9.453418731689453,6.653592586517334,12.41861438751221,2.360959768295288,1.224434375762939,1.457201957702637,1.949334144592285,0.5698931217193604,2236.102581006816,3362.596322210085,4548.576696595149,0.005236538592725992,0.007667779456824064,Unripe
-548.6798095703125,119.4737014770508,18.21590232849121,-15.56982135772705,25.11953735351562,5.469614505767822,0.5838744640350342,10.02473545074463,7.875232219696045,12.81107711791992,2.511128664016724,1.323394417762756,1.386307239532471,2.115086555480957,0.6876401305198669,2218.004776212844,3321.384577748229,4480.406075093284,0.006591204553842545,0.008728369139134884,Unripe
-545.1802368164062,125.6614608764648,19.05669593811035,-17.36497497558594,26.84940719604492,8.040458679199219,0.7248216271400452,10.18969249725342,7.24208402633667,11.89530563354492,2.254457712173462,1.29810893535614,1.408939003944397,2.008629083633423,0.6596786975860596,2101.541359912203,3160.766043970883,4267.216651119403,0.007402167655527592,0.009193068370223045,Unripe
